# unix_time, cycles_done, cur_path, paths_total, pending_total, pending_favs, map_size, unique_crashes, unique_hangs, max_depth, execs_per_sec
1758279555, 0, 0, 20, 20, 16, 1.47%, 0, 0, 1, 3137.25
1758279560, 0, 0, 197, 197, 16, 1.57%, 10, 0, 2, 4157.05
1758279565, 0, 0, 229, 229, 16, 1.63%, 10, 0, 2, 4567.90
1758279591, 0, 0, 262, 262, 16, 1.63%, 10, 0, 2, 4584.94
1758279596, 0, 1, 344, 343, 75, 1.68%, 24, 0, 2, 4442.95
1758279601, 0, 1, 358, 357, 75, 1.69%, 29, 0, 2, 4277.82
1758279606, 0, 1, 360, 359, 75, 1.70%, 30, 0, 2, 3938.47
1758279627, 0, 2, 401, 399, 90, 1.73%, 42, 0, 2, 4070.08
1758279632, 0, 2, 410, 408, 90, 1.74%, 44, 0, 2, 4369.63
1758279642, 0, 2, 429, 427, 90, 1.75%, 44, 0, 2, 5026.99
1758279647, 0, 3, 453, 450, 115, 1.78%, 47, 0, 2, 4907.94
1758279652, 0, 3, 464, 461, 115, 1.79%, 48, 0, 2, 5093.30
1758279657, 0, 4, 470, 466, 120, 1.79%, 50, 0, 2, 5215.32
1758279662, 0, 6, 508, 503, 121, 1.81%, 53, 0, 2, 4965.96
1758279667, 0, 6, 509, 504, 121, 1.81%, 53, 0, 2, 4746.23
1758279672, 0, 6, 510, 505, 121, 1.81%, 53, 0, 2, 4700.09
1758279677, 0, 6, 523, 518, 121, 1.81%, 54, 0, 2, 5056.35
1758279682, 0, 7, 536, 530, 125, 1.82%, 65, 0, 2, 5105.46
1758279688, 0, 7, 555, 549, 125, 1.83%, 68, 0, 2, 5356.04
1758279693, 0, 8, 572, 565, 138, 1.84%, 76, 0, 2, 4542.19
1758279698, 0, 8, 572, 565, 138, 1.84%, 77, 0, 2, 4431.86
1758279703, 0, 8, 576, 569, 138, 1.84%, 77, 0, 2, 4011.88
1758279708, 0, 8, 577, 570, 138, 1.84%, 77, 0, 2, 4296.40
1758279723, 0, 9, 592, 584, 142, 1.84%, 82, 0, 2, 4306.18
1758279738, 0, 10, 603, 594, 142, 1.84%, 86, 0, 2, 4751.24
1758279743, 0, 10, 607, 598, 142, 1.84%, 86, 0, 2, 4948.52
1758279748, 0, 10, 613, 604, 142, 1.85%, 87, 0, 2, 5270.86
1758279756, 0, 12, 628, 618, 145, 1.86%, 88, 7, 2, 9.07
1758279762, 0, 12, 650, 640, 145, 1.86%, 90, 12, 2, 351.52
1758279767, 0, 12, 655, 645, 145, 1.87%, 90, 16, 2, 3623.08
1758279773, 0, 12, 657, 647, 145, 1.87%, 90, 20, 2, 229.51
1758279780, 0, 12, 657, 647, 145, 1.87%, 90, 26, 2, 3.92
1758279786, 0, 12, 661, 651, 145, 1.90%, 90, 29, 2, 126.90
1758279791, 0, 12, 661, 651, 145, 1.90%, 90, 34, 2, 4.70
1758279796, 0, 12, 662, 652, 145, 1.90%, 90, 36, 2, 4519.85
1758279801, 0, 12, 669, 659, 145, 1.90%, 90, 37, 2, 5009.21
1758279807, 0, 13, 711, 700, 153, 1.98%, 106, 38, 2, 4559.73
1758279812, 0, 13, 717, 706, 153, 2.04%, 106, 38, 2, 4333.43
1758279822, 0, 13, 717, 706, 153, 2.04%, 106, 41, 2, 462.63
1758279828, 0, 13, 717, 706, 153, 2.04%, 106, 46, 2, 708.06
1758279833, 0, 13, 717, 706, 153, 2.04%, 106, 50, 2, 204.27
1758279839, 0, 14, 738, 726, 176, 2.06%, 109, 50, 2, 4952.90
1758279844, 0, 14, 742, 730, 176, 2.06%, 110, 50, 2, 5162.06
1758279849, 0, 19, 745, 732, 180, 2.06%, 110, 52, 2, 4864.83
1758279854, 0, 60, 746, 730, 179, 2.06%, 110, 52, 2, 5382.40
1758279859, 0, 109, 746, 727, 176, 2.06%, 110, 52, 2, 5572.52
1758279869, 0, 126, 749, 729, 174, 2.06%, 110, 52, 3, 4653.09
1758279900, 0, 126, 749, 729, 174, 2.06%, 110, 56, 3, 370.14
1758279905, 0, 126, 749, 729, 174, 2.06%, 110, 58, 3, 3950.48
1758279910, 0, 135, 751, 730, 173, 2.06%, 110, 58, 3, 4287.34
