# unix_time, cycles_done, cur_path, paths_total, pending_total, pending_favs, map_size, unique_crashes, unique_hangs, max_depth, execs_per_sec
1758219162, 0, 0, 20, 20, 16, 1.47%, 0, 0, 1, 3555.56
1758219167, 0, 0, 197, 197, 16, 1.57%, 10, 0, 2, 4104.70
1758219172, 0, 0, 229, 229, 16, 1.63%, 10, 0, 2, 4427.31
1758219197, 0, 0, 238, 238, 16, 1.63%, 10, 0, 2, 4151.57
1758219202, 0, 0, 283, 283, 16, 1.65%, 10, 0, 2, 4781.38
1758219207, 0, 1, 354, 353, 81, 1.69%, 25, 0, 2, 4186.20
1758219212, 0, 1, 360, 359, 81, 1.70%, 29, 0, 2, 4185.54
1758219217, 0, 1, 362, 361, 81, 1.70%, 30, 0, 2, 3719.36
1758219238, 0, 2, 404, 402, 95, 1.73%, 44, 0, 2, 3887.09
1758219243, 0, 2, 413, 411, 95, 1.75%, 44, 0, 2, 4142.61
1758219253, 0, 2, 430, 428, 95, 1.75%, 44, 0, 2, 4721.27
1758219258, 0, 3, 459, 456, 115, 1.79%, 48, 0, 2, 4715.56
1758219263, 0, 3, 460, 457, 115, 1.79%, 48, 0, 2, 4571.10
1758219268, 0, 6, 495, 491, 121, 1.80%, 51, 0, 2, 4514.63
1758219273, 0, 6, 498, 494, 121, 1.80%, 51, 0, 2, 4363.70
1758219283, 0, 6, 507, 503, 121, 1.81%, 51, 0, 2, 4631.63
1758219288, 0, 7, 522, 517, 126, 1.81%, 57, 0, 2, 4798.77
1758219293, 0, 7, 538, 533, 126, 1.82%, 65, 0, 2, 4899.08
1758219298, 0, 8, 548, 542, 137, 1.82%, 66, 0, 2, 5109.18
1758219303, 0, 8, 561, 555, 137, 1.82%, 74, 0, 2, 3833.13
1758219313, 0, 8, 564, 558, 137, 1.83%, 74, 0, 2, 3838.59
1758219319, 0, 8, 565, 559, 137, 1.83%, 74, 0, 2, 3986.65
1758219334, 0, 9, 581, 574, 140, 1.83%, 79, 0, 2, 3951.00
1758219349, 0, 10, 593, 585, 140, 1.83%, 83, 0, 2, 4461.08
1758219360, 0, 10, 604, 596, 140, 1.83%, 83, 0, 2, 5032.18
1758219365, 0, 12, 612, 603, 143, 1.83%, 85, 3, 2, 5.56
1758219370, 0, 12, 630, 621, 143, 1.84%, 85, 8, 2, 110.40
1758219376, 0, 12, 646, 637, 143, 1.84%, 87, 13, 2, 332.74
1758219381, 0, 12, 652, 643, 143, 1.85%, 88, 17, 2, 82.50
1758219386, 0, 12, 653, 644, 143, 1.86%, 89, 20, 2, 4643.56
1758219392, 0, 12, 653, 644, 143, 1.86%, 89, 25, 2, 3.92
1758219398, 0, 12, 657, 648, 143, 1.89%, 89, 28, 2, 140.44
1758219403, 0, 12, 657, 648, 143, 1.89%, 89, 33, 2, 3.23
1758219409, 0, 12, 658, 649, 143, 1.89%, 89, 35, 2, 4247.76
1758219414, 0, 12, 662, 653, 143, 1.89%, 89, 36, 2, 4889.27
1758219419, 0, 13, 712, 702, 153, 1.97%, 105, 38, 2, 4626.18
1758219424, 0, 13, 718, 708, 153, 2.03%, 105, 38, 2, 4345.64
1758219434, 0, 13, 718, 708, 153, 2.03%, 105, 39, 2, 689.63
